Element at [0][0]: 0
-- prob_left --
[0.0, 1.0, 1.0, 1.0, 1.0, 1.0, 1.0, 1.0, 1.0, 1.0, 1.0, 1.0, 1.0, 1.0, 1.0, 1.0, 1.0, 1.0, 1.0, 1.0, 1.0, 1.0, 1.0, 1.0, 1.0, 1.0, 1.0]
[0.0, 0.5, 0.6666667, 0.75, 0.8, 0.8333333, 0.85714287, 0.875, 0.8888889, 0.9, 0.90909094, 0.9166667, 0.9230769, 0.9285714, 0.93333334, 0.9375, 0.9411765, 0.9444444, 0.94736844, 0.95, 0.95238096, 0.95454544, 0.95652175, 0.9583333, 0.96, 0.96153843, 0.962963]
[0.0, 0.33333334, 0.5, 0.6, 0.6666667, 0.71428573, 0.75, 0.7777778, 0.8, 0.8181818, 0.8333333, 0.84615386, 0.85714287, 0.8666667, 0.875, 0.88235295, 0.8888889, 0.8947368, 0.9, 0.9047619, 0.90909094, 0.9130435, 0.9166667, 0.92, 0.9230769, 0.9259259, 0.9285714]
[0.0, 0.25, 0.4, 0.5, 0.5714286, 0.625, 0.6666667, 0.7, 0.72727275, 0.75, 0.7692308, 0.78571427, 0.8, 0.8125, 0.8235294, 0.8333333, 0.84210527, 0.85, 0.85714287, 0.8636364, 0.8695652, 0.875, 0.88, 0.88461536, 0.8888889, 0.89285713, 0.8965517]
[0.0, 0.2, 0.33333334, 0.42857143, 0.5, 0.5555556, 0.6, 0.6363636, 0.6666667, 0.6923077, 0.71428573, 0.73333335, 0.75, 0.7647059, 0.7777778, 0.7894737, 0.8, 0.8095238, 0.8181818, 0.82608694, 0.8333333, 0.84, 0.84615386, 0.8518519, 0.85714287, 0.86206895, 0.8666667]
[0.0, 0.16666667, 0.2857143, 0.375, 0.44444445, 0.5, 0.54545456, 0.5833333, 0.61538464, 0.64285713, 0.6666667, 0.6875, 0.7058824, 0.7222222, 0.7368421, 0.75, 0.7619048, 0.77272725, 0.7826087, 0.7916667, 0.8, 0.8076923, 0.8148148, 0.8214286, 0.82758623, 0.8333333, 0.83870965]
[0.0, 0.14285715, 0.25, 0.33333334, 0.4, 0.45454547, 0.5, 0.53846157, 0.5714286, 0.6, 0.625, 0.64705884, 0.6666667, 0.68421054, 0.7, 0.71428573, 0.72727275, 0.73913044, 0.75, 0.76, 0.7692308, 0.7777778, 0.78571427, 0.79310346, 0.8, 0.8064516, 0.8125]
[0.0, 0.125, 0.22222222, 0.3, 0.36363637, 0.41666666, 0.46153846, 0.5, 0.53333336, 0.5625, 0.5882353, 0.6111111, 0.6315789, 0.65, 0.6666667, 0.6818182, 0.6956522, 0.7083333, 0.72, 0.7307692, 0.7407407, 0.75, 0.7586207, 0.76666665, 0.7741935, 0.78125, 0.7878788]
[0.0, 0.11111111, 0.2, 0.27272728, 0.33333334, 0.3846154, 0.42857143, 0.46666667, 0.5, 0.5294118, 0.5555556, 0.57894737, 0.6, 0.61904764, 0.6363636, 0.65217394, 0.6666667, 0.68, 0.6923077, 0.7037037, 0.71428573, 0.7241379, 0.73333335, 0.7419355, 0.75, 0.75757575, 0.7647059]
[0.0, 0.1, 0.18181819, 0.25, 0.30769232, 0.35714287, 0.4, 0.4375, 0.47058824, 0.5, 0.5263158, 0.55, 0.5714286, 0.59090906, 0.6086956, 0.625, 0.64, 0.65384614, 0.6666667, 0.6785714, 0.6896552, 0.7, 0.7096774, 0.71875, 0.72727275, 0.7352941, 0.74285716]
[0.0, 0.09090909, 0.16666667, 0.23076923, 0.2857143, 0.33333334, 0.375, 0.4117647, 0.44444445, 0.47368422, 0.5, 0.52380955, 0.54545456, 0.5652174, 0.5833333, 0.6, 0.61538464, 0.6296296, 0.64285713, 0.6551724, 0.6666667, 0.67741936, 0.6875, 0.6969697, 0.7058824, 0.71428573, 0.7222222]
[0.0, 0.083333336, 0.15384616, 0.21428572, 0.26666668, 0.3125, 0.3529412, 0.3888889, 0.42105263, 0.45, 0.47619048, 0.5, 0.5217391, 0.5416667, 0.56, 0.5769231, 0.5925926, 0.60714287, 0.62068963, 0.6333333, 0.6451613, 0.65625, 0.6666667, 0.6764706, 0.6857143, 0.6944444, 0.7027027]
[0.0, 0.07692308, 0.14285715, 0.2, 0.25, 0.29411766, 0.33333334, 0.36842105, 0.4, 0.42857143, 0.45454547, 0.47826087, 0.5, 0.52, 0.53846157, 0.5555556, 0.5714286, 0.5862069, 0.6, 0.61290324, 0.625, 0.6363636, 0.64705884, 0.6571429, 0.6666667, 0.6756757, 0.68421054]
[0.0, 0.071428575, 0.13333334, 0.1875, 0.23529412, 0.2777778, 0.31578946, 0.35, 0.3809524, 0.4090909, 0.4347826, 0.45833334, 0.48, 0.5, 0.5185185, 0.53571427, 0.55172414, 0.56666666, 0.58064514, 0.59375, 0.6060606, 0.61764705, 0.62857145, 0.6388889, 0.6486486, 0.65789473, 0.6666667]
[0.0, 0.06666667, 0.125, 0.1764706, 0.22222222, 0.2631579, 0.3, 0.33333334, 0.36363637, 0.39130434, 0.41666666, 0.44, 0.46153846, 0.4814815, 0.5, 0.51724136, 0.53333336, 0.5483871, 0.5625, 0.57575756, 0.5882353, 0.6, 0.6111111, 0.6216216, 0.6315789, 0.64102566, 0.65]
[0.0, 0.0625, 0.11764706, 0.16666667, 0.21052632, 0.25, 0.2857143, 0.3181818, 0.3478261, 0.375, 0.4, 0.42307693, 0.44444445, 0.4642857, 0.4827586, 0.5, 0.516129, 0.53125, 0.54545456, 0.5588235, 0.5714286, 0.5833333, 0.5945946, 0.6052632, 0.61538464, 0.625, 0.63414633]
[0.0, 0.05882353, 0.11111111, 0.15789473, 0.2, 0.23809524, 0.27272728, 0.3043478, 0.33333334, 0.36, 0.3846154, 0.4074074, 0.42857143, 0.44827586, 0.46666667, 0.48387095, 0.5, 0.5151515, 0.5294118, 0.54285717, 0.5555556, 0.5675676, 0.57894737, 0.5897436, 0.6, 0.6097561, 0.61904764]
[0.0, 0.055555556, 0.10526316, 0.15, 0.1904762, 0.22727273, 0.26086956, 0.29166666, 0.32, 0.34615386, 0.37037036, 0.39285713, 0.41379312, 0.43333334, 0.4516129, 0.46875, 0.4848485, 0.5, 0.51428574, 0.5277778, 0.5405405, 0.55263156, 0.5641026, 0.575, 0.58536583, 0.5952381, 0.60465115]
[0.0, 0.05263158, 0.1, 0.14285715, 0.18181819, 0.2173913, 0.25, 0.28, 0.30769232, 0.33333334, 0.35714287, 0.37931034, 0.4, 0.41935483, 0.4375, 0.45454547, 0.47058824, 0.4857143, 0.5, 0.5135135, 0.5263158, 0.53846157, 0.55, 0.5609756, 0.5714286, 0.5813953, 0.59090906]
[0.0, 0.05, 0.0952381, 0.13636364, 0.17391305, 0.20833333, 0.24, 0.26923078, 0.2962963, 0.32142857, 0.3448276, 0.36666667, 0.38709676, 0.40625, 0.42424244, 0.44117647, 0.45714286, 0.4722222, 0.4864865, 0.5, 0.51282054, 0.525, 0.5365854, 0.54761904, 0.55813956, 0.5681818, 0.5777778]
[0.0, 0.04761905, 0.09090909, 0.13043478, 0.16666667, 0.2, 0.23076923, 0.25925925, 0.2857143, 0.31034482, 0.33333334, 0.3548387, 0.375, 0.3939394, 0.4117647, 0.42857143, 0.44444445, 0.45945945, 0.47368422, 0.4871795, 0.5, 0.5121951, 0.52380955, 0.53488374, 0.54545456, 0.5555556, 0.5652174]
[0.0, 0.045454547, 0.08695652, 0.125, 0.16, 0.1923077, 0.22222222, 0.25, 0.27586207, 0.3, 0.32258064, 0.34375, 0.36363637, 0.38235295, 0.4, 0.41666666, 0.43243244, 0.4473684, 0.46153846, 0.475, 0.4878049, 0.5, 0.5116279, 0.52272725, 0.53333336, 0.54347825, 0.5531915]
[0.0, 0.04347826, 0.083333336, 0.12, 0.15384616, 0.18518518, 0.21428572, 0.2413793, 0.26666668, 0.29032257, 0.3125, 0.33333334, 0.3529412, 0.37142858, 0.3888889, 0.4054054, 0.42105263, 0.43589744, 0.45, 0.46341464, 0.47619048, 0.4883721, 0.5, 0.51111114, 0.5217391, 0.5319149, 0.5416667]
[0.0, 0.041666668, 0.08, 0.115384616, 0.14814815, 0.17857143, 0.20689656, 0.23333333, 0.2580645, 0.28125, 0.3030303, 0.32352942, 0.34285715, 0.3611111, 0.3783784, 0.39473686, 0.41025642, 0.425, 0.4390244, 0.45238096, 0.4651163, 0.47727272, 0.4888889, 0.5, 0.5106383, 0.5208333, 0.53061223]
[0.0, 0.04, 0.07692308, 0.11111111, 0.14285715, 0.1724138, 0.2, 0.22580644, 0.25, 0.27272728, 0.29411766, 0.31428573, 0.33333334, 0.35135135, 0.36842105, 0.3846154, 0.4, 0.41463414, 0.42857143, 0.44186047, 0.45454547, 0.46666667, 0.47826087, 0.4893617, 0.5, 0.5102041, 0.52]
[0.0, 0.03846154, 0.074074075, 0.10714286, 0.13793103, 0.16666667, 0.19354838, 0.21875, 0.24242425, 0.2647059, 0.2857143, 0.30555555, 0.3243243, 0.34210527, 0.35897437, 0.375, 0.3902439, 0.4047619, 0.41860464, 0.4318182, 0.44444445, 0.45652175, 0.4680851, 0.47916666, 0.48979592, 0.5, 0.50980395]
[0.0, 0.037037037, 0.071428575, 0.10344828, 0.13333334, 0.16129032, 0.1875, 0.21212122, 0.23529412, 0.25714287, 0.2777778, 0.2972973, 0.31578946, 0.33333334, 0.35, 0.36585367, 0.3809524, 0.39534885, 0.4090909, 0.42222223, 0.4347826, 0.44680852, 0.45833334, 0.46938777, 0.48, 0.49019608, 0.5]
-- prob_up --
[0.0, 0.0, 0.0, 0.0, 0.0, 0.0, 0.0, 0.0, 0.0, 0.0, 0.0, 0.0, 0.0, 0.0, 0.0, 0.0, 0.0, 0.0, 0.0, 0.0, 0.0, 0.0, 0.0, 0.0, 0.0, 0.0, 0.0]
[1.0, 0.5, 0.33333334, 0.25, 0.2, 0.16666667, 0.14285715, 0.125, 0.11111111, 0.1, 0.09090909, 0.083333336, 0.07692308, 0.071428575, 0.06666667, 0.0625, 0.05882353, 0.055555556, 0.05263158, 0.05, 0.04761905, 0.045454547, 0.04347826, 0.041666668, 0.04, 0.03846154, 0.037037037]
[1.0, 0.6666667, 0.5, 0.4, 0.33333334, 0.2857143, 0.25, 0.22222222, 0.2, 0.18181819, 0.16666667, 0.15384616, 0.14285715, 0.13333334, 0.125, 0.11764706, 0.11111111, 0.10526316, 0.1, 0.0952381, 0.09090909, 0.08695652, 0.083333336, 0.08, 0.07692308, 0.074074075, 0.071428575]
[1.0, 0.75, 0.6, 0.5, 0.42857143, 0.375, 0.33333334, 0.3, 0.27272728, 0.25, 0.23076923, 0.21428572, 0.2, 0.1875, 0.1764706, 0.16666667, 0.15789473, 0.15, 0.14285715, 0.13636364, 0.13043478, 0.125, 0.12, 0.115384616, 0.11111111, 0.10714286, 0.10344828]
[1.0, 0.8, 0.6666667, 0.5714286, 0.5, 0.44444445, 0.4, 0.36363637, 0.33333334, 0.30769232, 0.2857143, 0.26666668, 0.25, 0.23529412, 0.22222222, 0.21052632, 0.2, 0.1904762, 0.18181819, 0.17391305, 0.16666667, 0.16, 0.15384616, 0.14814815, 0.14285715, 0.13793103, 0.13333334]
[1.0, 0.8333333, 0.71428573, 0.625, 0.5555556, 0.5, 0.45454547, 0.41666666, 0.3846154, 0.35714287, 0.33333334, 0.3125, 0.29411766, 0.2777778, 0.2631579, 0.25, 0.23809524, 0.22727273, 0.2173913, 0.20833333, 0.2, 0.1923077, 0.18518518, 0.17857143, 0.1724138, 0.16666667, 0.16129032]
[1.0, 0.85714287, 0.75, 0.6666667, 0.6, 0.54545456, 0.5, 0.46153846, 0.42857143, 0.4, 0.375, 0.3529412, 0.33333334, 0.31578946, 0.3, 0.2857143, 0.27272728, 0.26086956, 0.25, 0.24, 0.23076923, 0.22222222, 0.21428572, 0.20689656, 0.2, 0.19354838, 0.1875]
[1.0, 0.875, 0.7777778, 0.7, 0.6363636, 0.5833333, 0.53846157, 0.5, 0.46666667, 0.4375, 0.4117647, 0.3888889, 0.36842105, 0.35, 0.33333334, 0.3181818, 0.3043478, 0.29166666, 0.28, 0.26923078, 0.25925925, 0.25, 0.2413793, 0.23333333, 0.22580644, 0.21875, 0.21212122]
[1.0, 0.8888889, 0.8, 0.72727275, 0.6666667, 0.61538464, 0.5714286, 0.53333336, 0.5, 0.47058824, 0.44444445, 0.42105263, 0.4, 0.3809524, 0.36363637, 0.3478261, 0.33333334, 0.32, 0.30769232, 0.2962963, 0.2857143, 0.27586207, 0.26666668, 0.2580645, 0.25, 0.24242425, 0.23529412]
[1.0, 0.9, 0.8181818, 0.75, 0.6923077, 0.64285713, 0.6, 0.5625, 0.5294118, 0.5, 0.47368422, 0.45, 0.42857143, 0.4090909, 0.39130434, 0.375, 0.36, 0.34615386, 0.33333334, 0.32142857, 0.31034482, 0.3, 0.29032257, 0.28125, 0.27272728, 0.2647059, 0.25714287]
[1.0, 0.90909094, 0.8333333, 0.7692308, 0.71428573, 0.6666667, 0.625, 0.5882353, 0.5555556, 0.5263158, 0.5, 0.47619048, 0.45454547, 0.4347826, 0.41666666, 0.4, 0.3846154, 0.37037036, 0.35714287, 0.3448276, 0.33333334, 0.32258064, 0.3125, 0.3030303, 0.29411766, 0.2857143, 0.2777778]
[1.0, 0.9166667, 0.84615386, 0.78571427, 0.73333335, 0.6875, 0.64705884, 0.6111111, 0.57894737, 0.55, 0.52380955, 0.5, 0.47826087, 0.45833334, 0.44, 0.42307693, 0.4074074, 0.39285713, 0.37931034, 0.36666667, 0.3548387, 0.34375, 0.33333334, 0.32352942, 0.31428573, 0.30555555, 0.2972973]
[1.0, 0.9230769, 0.85714287, 0.8, 0.75, 0.7058824, 0.6666667, 0.6315789, 0.6, 0.5714286, 0.54545456, 0.5217391, 0.5, 0.48, 0.46153846, 0.44444445, 0.42857143, 0.41379312, 0.4, 0.38709676, 0.375, 0.36363637, 0.3529412, 0.34285715, 0.33333334, 0.3243243, 0.31578946]
[1.0, 0.9285714, 0.8666667, 0.8125, 0.7647059, 0.7222222, 0.68421054, 0.65, 0.61904764, 0.59090906, 0.5652174, 0.5416667, 0.52, 0.5, 0.4814815, 0.4642857, 0.44827586, 0.43333334, 0.41935483, 0.40625, 0.3939394, 0.38235295, 0.37142858, 0.3611111, 0.35135135, 0.34210527, 0.33333334]
[1.0, 0.93333334, 0.875, 0.8235294, 0.7777778, 0.7368421, 0.7, 0.6666667, 0.6363636, 0.6086956, 0.5833333, 0.56, 0.53846157, 0.5185185, 0.5, 0.4827586, 0.46666667, 0.4516129, 0.4375, 0.42424244, 0.4117647, 0.4, 0.3888889, 0.3783784, 0.36842105, 0.35897437, 0.35]
[1.0, 0.9375, 0.88235295, 0.8333333, 0.7894737, 0.75, 0.71428573, 0.6818182, 0.65217394, 0.625, 0.6, 0.5769231, 0.5555556, 0.53571427, 0.51724136, 0.5, 0.48387095, 0.46875, 0.45454547, 0.44117647, 0.42857143, 0.41666666, 0.4054054, 0.39473686, 0.3846154, 0.375, 0.36585367]
[1.0, 0.9411765, 0.8888889, 0.84210527, 0.8, 0.7619048, 0.72727275, 0.6956522, 0.6666667, 0.64, 0.61538464, 0.5925926, 0.5714286, 0.55172414, 0.53333336, 0.516129, 0.5, 0.4848485, 0.47058824, 0.45714286, 0.44444445, 0.43243244, 0.42105263, 0.41025642, 0.4, 0.3902439, 0.3809524]
[1.0, 0.9444444, 0.8947368, 0.85, 0.8095238, 0.77272725, 0.73913044, 0.7083333, 0.68, 0.65384614, 0.6296296, 0.60714287, 0.5862069, 0.56666666, 0.5483871, 0.53125, 0.5151515, 0.5, 0.4857143, 0.4722222, 0.45945945, 0.4473684, 0.43589744, 0.425, 0.41463414, 0.4047619, 0.39534885]
[1.0, 0.94736844, 0.9, 0.85714287, 0.8181818, 0.7826087, 0.75, 0.72, 0.6923077, 0.6666667, 0.64285713, 0.62068963, 0.6, 0.58064514, 0.5625, 0.54545456, 0.5294118, 0.51428574, 0.5, 0.4864865, 0.47368422, 0.46153846, 0.45, 0.4390244, 0.42857143, 0.41860464, 0.4090909]
[1.0, 0.95, 0.9047619, 0.8636364, 0.82608694, 0.7916667, 0.76, 0.7307692, 0.7037037, 0.6785714, 0.6551724, 0.6333333, 0.61290324, 0.59375, 0.57575756, 0.5588235, 0.54285717, 0.5277778, 0.5135135, 0.5, 0.4871795, 0.475, 0.46341464, 0.45238096, 0.44186047, 0.4318182, 0.42222223]
[1.0, 0.95238096, 0.90909094, 0.8695652, 0.8333333, 0.8, 0.7692308, 0.7407407, 0.71428573, 0.6896552, 0.6666667, 0.6451613, 0.625, 0.6060606, 0.5882353, 0.5714286, 0.5555556, 0.5405405, 0.5263158, 0.51282054, 0.5, 0.4878049, 0.47619048, 0.4651163, 0.45454547, 0.44444445, 0.4347826]
[1.0, 0.95454544, 0.9130435, 0.875, 0.84, 0.8076923, 0.7777778, 0.75, 0.7241379, 0.7, 0.67741936, 0.65625, 0.6363636, 0.61764705, 0.6, 0.5833333, 0.5675676, 0.55263156, 0.53846157, 0.525, 0.5121951, 0.5, 0.4883721, 0.47727272, 0.46666667, 0.45652175, 0.44680852]
[1.0, 0.95652175, 0.9166667, 0.88, 0.84615386, 0.8148148, 0.78571427, 0.7586207, 0.73333335, 0.7096774, 0.6875, 0.6666667, 0.64705884, 0.62857145, 0.6111111, 0.5945946, 0.57894737, 0.5641026, 0.55, 0.5365854, 0.52380955, 0.5116279, 0.5, 0.4888889, 0.47826087, 0.4680851, 0.45833334]
[1.0, 0.9583333, 0.92, 0.88461536, 0.8518519, 0.8214286, 0.79310346, 0.76666665, 0.7419355, 0.71875, 0.6969697, 0.6764706, 0.6571429, 0.6388889, 0.6216216, 0.6052632, 0.5897436, 0.575, 0.5609756, 0.54761904, 0.53488374, 0.52272725, 0.51111114, 0.5, 0.4893617, 0.47916666, 0.46938777]
[1.0, 0.96, 0.9230769, 0.8888889, 0.85714287, 0.82758623, 0.8, 0.7741935, 0.75, 0.72727275, 0.7058824, 0.6857143, 0.6666667, 0.6486486, 0.6315789, 0.61538464, 0.6, 0.58536583, 0.5714286, 0.55813956, 0.54545456, 0.53333336, 0.5217391, 0.5106383, 0.5, 0.48979592, 0.48]
[1.0, 0.96153843, 0.9259259, 0.89285713, 0.86206895, 0.8333333, 0.8064516, 0.78125, 0.75757575, 0.7352941, 0.71428573, 0.6944444, 0.6756757, 0.65789473, 0.64102566, 0.625, 0.6097561, 0.5952381, 0.5813953, 0.5681818, 0.5555556, 0.54347825, 0.5319149, 0.5208333, 0.5102041, 0.5, 0.49019608]
[1.0, 0.962963, 0.9285714, 0.8965517, 0.8666667, 0.83870965, 0.8125, 0.7878788, 0.7647059, 0.74285716, 0.7222222, 0.7027027, 0.68421054, 0.6666667, 0.65, 0.63414633, 0.61904764, 0.60465115, 0.59090906, 0.5777778, 0.5652174, 0.5531915, 0.5416667, 0.53061223, 0.52, 0.50980395, 0.5]
-- cur_val_arr --
[0.0, 1.0, 2.0, 3.0, 4.0, 5.0, 6.0, 7.0, 8.0, 9.0, 10.0, 11.0, 12.0, 13.0, 14.0, 15.0, 16.0, 17.0, 18.0, 19.0, 20.0, 21.0, 22.0, 23.0, 24.0, 25.0, 26.0]
[-1.0, 0.0, 1.0, 2.0, 3.0, 4.0, 5.0, 6.0, 7.0, 8.0, 9.0, 10.0, 11.0, 12.0, 13.0, 14.0, 15.0, 16.0, 17.0, 18.0, 19.0, 20.0, 21.0, 22.0, 23.0, 24.0, 25.0]
[-2.0, -1.0, 0.0, 1.0, 2.0, 3.0, 4.0, 5.0, 6.0, 7.0, 8.0, 9.0, 10.0, 11.0, 12.0, 13.0, 14.0, 15.0, 16.0, 17.0, 18.0, 19.0, 20.0, 21.0, 22.0, 23.0, 24.0]
[-3.0, -2.0, -1.0, 0.0, 1.0, 2.0, 3.0, 4.0, 5.0, 6.0, 7.0, 8.0, 9.0, 10.0, 11.0, 12.0, 13.0, 14.0, 15.0, 16.0, 17.0, 18.0, 19.0, 20.0, 21.0, 22.0, 23.0]
[-4.0, -3.0, -2.0, -1.0, 0.0, 1.0, 2.0, 3.0, 4.0, 5.0, 6.0, 7.0, 8.0, 9.0, 10.0, 11.0, 12.0, 13.0, 14.0, 15.0, 16.0, 17.0, 18.0, 19.0, 20.0, 21.0, 22.0]
[-5.0, -4.0, -3.0, -2.0, -1.0, 0.0, 1.0, 2.0, 3.0, 4.0, 5.0, 6.0, 7.0, 8.0, 9.0, 10.0, 11.0, 12.0, 13.0, 14.0, 15.0, 16.0, 17.0, 18.0, 19.0, 20.0, 21.0]
[-6.0, -5.0, -4.0, -3.0, -2.0, -1.0, 0.0, 1.0, 2.0, 3.0, 4.0, 5.0, 6.0, 7.0, 8.0, 9.0, 10.0, 11.0, 12.0, 13.0, 14.0, 15.0, 16.0, 17.0, 18.0, 19.0, 20.0]
[-7.0, -6.0, -5.0, -4.0, -3.0, -2.0, -1.0, 0.0, 1.0, 2.0, 3.0, 4.0, 5.0, 6.0, 7.0, 8.0, 9.0, 10.0, 11.0, 12.0, 13.0, 14.0, 15.0, 16.0, 17.0, 18.0, 19.0]
[-8.0, -7.0, -6.0, -5.0, -4.0, -3.0, -2.0, -1.0, 0.0, 1.0, 2.0, 3.0, 4.0, 5.0, 6.0, 7.0, 8.0, 9.0, 10.0, 11.0, 12.0, 13.0, 14.0, 15.0, 16.0, 17.0, 18.0]
[-9.0, -8.0, -7.0, -6.0, -5.0, -4.0, -3.0, -2.0, -1.0, 0.0, 1.0, 2.0, 3.0, 4.0, 5.0, 6.0, 7.0, 8.0, 9.0, 10.0, 11.0, 12.0, 13.0, 14.0, 15.0, 16.0, 17.0]
[-10.0, -9.0, -8.0, -7.0, -6.0, -5.0, -4.0, -3.0, -2.0, -1.0, 0.0, 1.0, 2.0, 3.0, 4.0, 5.0, 6.0, 7.0, 8.0, 9.0, 10.0, 11.0, 12.0, 13.0, 14.0, 15.0, 16.0]
[-11.0, -10.0, -9.0, -8.0, -7.0, -6.0, -5.0, -4.0, -3.0, -2.0, -1.0, 0.0, 1.0, 2.0, 3.0, 4.0, 5.0, 6.0, 7.0, 8.0, 9.0, 10.0, 11.0, 12.0, 13.0, 14.0, 15.0]
[-12.0, -11.0, -10.0, -9.0, -8.0, -7.0, -6.0, -5.0, -4.0, -3.0, -2.0, -1.0, 0.0, 1.0, 2.0, 3.0, 4.0, 5.0, 6.0, 7.0, 8.0, 9.0, 10.0, 11.0, 12.0, 13.0, 14.0]
[-13.0, -12.0, -11.0, -10.0, -9.0, -8.0, -7.0, -6.0, -5.0, -4.0, -3.0, -2.0, -1.0, 0.0, 1.0, 2.0, 3.0, 4.0, 5.0, 6.0, 7.0, 8.0, 9.0, 10.0, 11.0, 12.0, 13.0]
[-14.0, -13.0, -12.0, -11.0, -10.0, -9.0, -8.0, -7.0, -6.0, -5.0, -4.0, -3.0, -2.0, -1.0, 0.0, 1.0, 2.0, 3.0, 4.0, 5.0, 6.0, 7.0, 8.0, 9.0, 10.0, 11.0, 12.0]
[-15.0, -14.0, -13.0, -12.0, -11.0, -10.0, -9.0, -8.0, -7.0, -6.0, -5.0, -4.0, -3.0, -2.0, -1.0, 0.0, 1.0, 2.0, 3.0, 4.0, 5.0, 6.0, 7.0, 8.0, 9.0, 10.0, 11.0]
[-16.0, -15.0, -14.0, -13.0, -12.0, -11.0, -10.0, -9.0, -8.0, -7.0, -6.0, -5.0, -4.0, -3.0, -2.0, -1.0, 0.0, 1.0, 2.0, 3.0, 4.0, 5.0, 6.0, 7.0, 8.0, 9.0, 10.0]
[-17.0, -16.0, -15.0, -14.0, -13.0, -12.0, -11.0, -10.0, -9.0, -8.0, -7.0, -6.0, -5.0, -4.0, -3.0, -2.0, -1.0, 0.0, 1.0, 2.0, 3.0, 4.0, 5.0, 6.0, 7.0, 8.0, 9.0]
[-18.0, -17.0, -16.0, -15.0, -14.0, -13.0, -12.0, -11.0, -10.0, -9.0, -8.0, -7.0, -6.0, -5.0, -4.0, -3.0, -2.0, -1.0, 0.0, 1.0, 2.0, 3.0, 4.0, 5.0, 6.0, 7.0, 8.0]
[-19.0, -18.0, -17.0, -16.0, -15.0, -14.0, -13.0, -12.0, -11.0, -10.0, -9.0, -8.0, -7.0, -6.0, -5.0, -4.0, -3.0, -2.0, -1.0, 0.0, 1.0, 2.0, 3.0, 4.0, 5.0, 6.0, 7.0]
[-20.0, -19.0, -18.0, -17.0, -16.0, -15.0, -14.0, -13.0, -12.0, -11.0, -10.0, -9.0, -8.0, -7.0, -6.0, -5.0, -4.0, -3.0, -2.0, -1.0, 0.0, 1.0, 2.0, 3.0, 4.0, 5.0, 6.0]
[-21.0, -20.0, -19.0, -18.0, -17.0, -16.0, -15.0, -14.0, -13.0, -12.0, -11.0, -10.0, -9.0, -8.0, -7.0, -6.0, -5.0, -4.0, -3.0, -2.0, -1.0, 0.0, 1.0, 2.0, 3.0, 4.0, 5.0]
[-22.0, -21.0, -20.0, -19.0, -18.0, -17.0, -16.0, -15.0, -14.0, -13.0, -12.0, -11.0, -10.0, -9.0, -8.0, -7.0, -6.0, -5.0, -4.0, -3.0, -2.0, -1.0, 0.0, 1.0, 2.0, 3.0, 4.0]
[-23.0, -22.0, -21.0, -20.0, -19.0, -18.0, -17.0, -16.0, -15.0, -14.0, -13.0, -12.0, -11.0, -10.0, -9.0, -8.0, -7.0, -6.0, -5.0, -4.0, -3.0, -2.0, -1.0, 0.0, 1.0, 2.0, 3.0]
[-24.0, -23.0, -22.0, -21.0, -20.0, -19.0, -18.0, -17.0, -16.0, -15.0, -14.0, -13.0, -12.0, -11.0, -10.0, -9.0, -8.0, -7.0, -6.0, -5.0, -4.0, -3.0, -2.0, -1.0, 0.0, 1.0, 2.0]
[-25.0, -24.0, -23.0, -22.0, -21.0, -20.0, -19.0, -18.0, -17.0, -16.0, -15.0, -14.0, -13.0, -12.0, -11.0, -10.0, -9.0, -8.0, -7.0, -6.0, -5.0, -4.0, -3.0, -2.0, -1.0, 0.0, 1.0]
[-26.0, -25.0, -24.0, -23.0, -22.0, -21.0, -20.0, -19.0, -18.0, -17.0, -16.0, -15.0, -14.0, -13.0, -12.0, -11.0, -10.0, -9.0, -8.0, -7.0, -6.0, -5.0, -4.0, -3.0, -2.0, -1.0, 0.0]
-- expected val arr --
[0.0, 0.0, 1.0, 2.0, 3.0, 4.0, 5.0, 6.0, 7.0, 8.0, 9.0, 10.0, 11.0, 12.0, 13.0, 14.0, 15.0, 16.0, 17.0, 18.0, 19.0, 20.0, 21.0, 22.0, 23.0, 24.0, 25.0]
[0.0, 0.0, 1.0, 2.0, 3.0, 4.0, 5.0, 6.0, 7.0, 8.0, 9.0, 10.0, 11.0, 12.0, 13.0, 14.0, 15.0, 16.0, 17.0, 18.0, 19.0, 20.0, 21.0, 22.0, 23.0, 24.0, 25.0]
[0.0, 0.0, 0.5, 1.1, 2.0, 3.0, 4.0, 5.0, 6.0, 7.0, 8.0, 9.0, 10.0, 11.0, 12.0, 13.0, 14.0, 15.0, 16.0, 17.0, 18.0, 19.0, 20.0, 21.0, 22.0, 23.0, 24.0]
[0.0, 0.0, 0.3, 0.70000005, 1.2571429, 2.0, 3.0, 4.0, 5.0, 6.0, 7.0, 8.0, 9.0, 10.0, 11.0, 12.0, 13.0, 14.0, 15.0, 16.0, 17.0, 18.0, 19.0, 20.0, 21.0, 22.0, 23.0]
[0.0, 0.0, 0.20000002, 0.48571432, 0.8714286, 1.3730159, 2.0238097, 3.0, 4.0, 5.0, 6.0, 7.0, 8.0, 9.0, 10.0, 11.0, 12.0, 13.0, 14.0, 15.0, 16.0, 17.0, 18.0, 19.0, 20.0, 21.0, 22.0]
[0.0, 0.0, 0.14285716, 0.3571429, 0.6428572, 1.0079365, 1.469697, 2.1073232, 3.0, 4.0, 5.0, 6.0, 7.0, 8.0, 9.0, 10.0, 11.0, 12.0, 13.0, 14.0, 15.0, 16.0, 17.0, 18.0, 19.0, 20.0, 21.0]
[0.0, 0.0, 0.10714287, 0.27380955, 0.49523816, 0.7748918, 1.1222944, 1.5769231, 2.1868134, 3.0, 4.0, 5.0, 6.0, 7.0, 8.0, 9.0, 10.0, 11.0, 12.0, 13.0, 14.0, 15.0, 16.0, 17.0, 18.0, 19.0, 20.0]
[0.0, 0.0, 0.08333335, 0.21666668, 0.39393944, 0.61616164, 0.88869476, 1.232809, 1.6780111, 2.2563813, 3.0, 4.0, 5.0, 6.0, 7.0, 8.0, 9.0, 10.0, 11.0, 12.0, 13.0, 14.0, 15.0, 16.0, 17.0, 18.0, 19.0]
[0.0, 0.0, 0.066666685, 0.17575759, 0.32121214, 0.5027195, 0.72327685, 0.9950273, 1.3365192, 1.7693956, 2.316331, 3.0252442, 4.0, 5.0, 6.0, 7.0, 8.0, 9.0, 10.0, 11.0, 12.0, 13.0, 14.0, 15.0, 16.0, 17.0, 18.0]
[0.0, 0.0, 0.05454547, 0.14545456, 0.26713288, 0.41858143, 0.6013987, 0.8228148, 1.094776, 1.4320858, 1.8509388, 2.3793762, 3.0739293, 4.0, 5.0, 6.0, 7.0, 8.0, 9.0, 10.0, 11.0, 12.0, 13.0, 14.0, 15.0, 16.0, 17.0]
[0.0, 0.0, 0.045454558, 0.122377634, 0.22577424, 0.35431236, 0.5087413, 0.69349045, 0.9164269, 1.1878263, 1.5193825, 1.9289033, 2.44937, 3.1235569, 4.0, 5.0, 6.0, 7.0, 8.0, 9.0, 10.0, 11.0, 12.0, 13.0, 14.0, 15.0, 16.0]
[0.0, 0.0, 0.03846155, 0.10439561, 0.19340661, 0.30402932, 0.43649006, 0.59354585, 0.780477, 1.0045191, 1.2742095, 1.6015564, 2.0070324, 2.5187728, 3.1705127, 4.0, 5.0, 6.0, 7.0, 8.0, 9.0, 10.0, 11.0, 12.0, 13.0, 14.0, 15.0]
[0.0, 0.0, 0.032967046, 0.0901099, 0.16758244, 0.2638979, 0.37895936, 0.5144876, 0.67408127, 0.86290294, 1.087252, 1.3555847, 1.6813085, 2.0832913, 2.5850859, 3.2139368, 4.0, 5.0, 6.0, 7.0, 8.0, 9.0, 10.0, 11.0, 12.0, 13.0, 14.0]
[0.0, 0.0, 0.02857144, 0.07857144, 0.14663868, 0.23132588, 0.33233827, 0.45073536, 0.5889971, 0.75085056, 0.94099045, 1.1655624, 1.4337504, 1.7585208, 2.1564965, 2.647451, 3.253766, 4.0104675, 5.0, 6.0, 7.0, 8.0, 9.0, 10.0, 11.0, 12.0, 13.0]
[0.0, 0.0, 0.02500001, 0.06911766, 0.12941179, 0.20450638, 0.2939887, 0.3984865, 0.51972055, 0.6604084, 0.82408124, 1.0153108, 1.2406244, 1.5091634, 1.83283, 2.2260952, 2.7056751, 3.2949362, 4.0409017, 5.0, 6.0, 7.0, 8.0, 9.0, 10.0, 11.0, 12.0]
[0.0, 0.0, 0.022058832, 0.061274517, 0.1150671, 0.18214656, 0.26203382, 0.35506976, 0.4624507, 0.58617425, 0.72891843, 0.8941448, 1.0866334, 1.3129888, 1.5818721, 1.9039836, 2.2918987, 2.7620726, 3.3433585, 4.0742297, 5.0, 6.0, 7.0, 8.0, 9.0, 10.0, 11.0]
[0.0, 0.0, 0.019607851, 0.054695573, 0.102992795, 0.16330044, 0.23510654, 0.3185592, 0.41448689, 0.5243668, 0.6502448, 0.7947781, 0.9615526, 1.1554484, 1.3828745, 1.651834, 1.9718664, 2.3549967, 2.8201082, 3.3934212, 4.107456, 5.0, 6.0, 7.0, 8.0, 9.0, 10.0]
[0.0, 0.0, 0.017543867, 0.049122818, 0.09273185, 0.14726213, 0.21219061, 0.287535, 0.37386227, 0.47226906, 0.5843278, 0.7121012, 0.8583314, 1.0266976, 1.2220204, 1.4503589, 1.7190142, 2.0370054, 2.4173698, 2.878283, 3.443038, 4.1395736, 5.0, 6.0, 7.0, 8.0, 9.0]
[0.0, 0.0, 0.01578948, 0.044360913, 0.08393713, 0.13349582, 0.19251691, 0.26092994, 0.33911386, 0.42788398, 0.528455, 0.6424423, 0.77197576, 0.9198787, 1.0898334, 1.2864836, 1.5154705, 1.7836885, 2.1005292, 2.478896, 2.935595, 3.4912775, 4.1702027, 5.0, 6.0, 7.0, 8.0]
[0.0, 0.0, 0.014285721, 0.04025975, 0.07634106, 0.12158859, 0.1754941, 0.23792797, 0.30913284, 0.38971397, 0.48061326, 0.58310497, 0.69886446, 0.83009166, 0.9796399, 1.1511114, 1.3489064, 1.5783749, 1.8465081, 2.162702, 2.53924, 2.9914577, 3.5377054, 4.1992197, 5.0, 6.0, 7.0]
[0.0, 0.0, 0.0129870195, 0.036702435, 0.069734626, 0.1112178, 0.1606611, 0.2178958, 0.28306514, 0.35661605, 0.43928087, 0.5320706, 0.6363168, 0.7537561, 0.886629, 1.0377618, 1.2106199, 1.4094064, 1.63946, 1.9077892, 2.2235146, 2.5981212, 3.0455422, 3.5821366, 4.2266197, 5.0147886, 6.0]
[0.0, 0.0, 0.011857714, 0.033596847, 0.06395258, 0.102128334, 0.14765382, 0.20033531, 0.26024312, 0.32770416, 0.40328836, 0.48780167, 0.5823113, 0.6882037, 0.8072589, 0.94171894, 1.0943384, 1.2684549, 1.4682269, 1.698997, 1.9676523, 2.2828867, 2.6553464, 3.0976782, 3.6245177, 4.259207, 5.037008]
[0.0, 0.0, 0.010869571, 0.030869575, 0.058862887, 0.09411621, 0.13618147, 0.18484989, 0.24013826, 0.3022818, 0.37172383, 0.44910908, 0.53529876, 0.6314104, 0.73887336, 0.85948426, 0.99545246, 1.1494539, 1.324779, 1.525579, 1.7571412, 2.0261273, 2.3407369, 2.710797, 3.1477938, 3.6680298, 4.295478]
[0.0, 0.0, 0.010000005, 0.028461548, 0.054358985, 0.08701671, 0.12600946, 0.17112045, 0.22232722, 0.27979457, 0.34386647, 0.41505998, 0.49407405, 0.58181673, 0.6794465, 0.78841674, 0.91051483, 1.0479047, 1.2032244, 1.3797519, 1.5816114, 1.813972, 2.0832074, 2.3970022, 2.764411, 3.1973948, 3.7128217]
[0.0, 0.0, 0.009230774, 0.026324796, 0.0503541, 0.08069558, 0.11694668, 0.15888765, 0.20646733, 0.25979623, 0.31913993, 0.38491368, 0.4576873, 0.53820366, 0.62740964, 0.726491, 0.83690536, 0.96041715, 1.0991642, 1.2557714, 1.4335023, 1.6364195, 1.8695263, 2.1388757, 2.4516435, 2.8169093, 3.2469473]
[0.0, 0.0, 0.008547013, 0.024420032, 0.046776988, 0.07504247, 0.10883619, 0.14793889, 0.19227862, 0.24192393, 0.29707822, 0.35807508, 0.42538065, 0.4996063, 0.5815315, 0.6721312, 0.7726033, 0.88439727, 1.0092617, 1.149324, 1.3072009, 1.486124, 1.6900613, 1.9238187, 2.1931171, 2.5050132, 2.8687065]
[0.0, 0.0, 0.007936511, 0.02271484, 0.0435687, 0.069966055, 0.101548046, 0.13809842, 0.17953034, 0.22587986, 0.2773009, 0.33406115, 0.3965429, 0.46525186, 0.54083365, 0.6240955, 0.71602887, 0.817833, 0.9309499, 1.0571216, 1.1984708, 1.3575982, 1.5376824, 1.7425711, 1.976855, 2.2461123, 2.5574093]
-- dec_arr --
['x', 'x', 'x', 'x', 'x', 'x', 'x', 'x', 'x', 'x', 'x', 'x', 'x', 'x', 'x', 'x', 'x', 'x', 'x', 'x', 'x', 'x', 'x', 'x', 'x', 'x', 'x']
['y', 'y', 'x', 'x', 'x', 'x', 'x', 'x', 'x', 'x', 'x', 'x', 'x', 'x', 'x', 'x', 'x', 'x', 'x', 'x', 'x', 'x', 'x', 'x', 'x', 'x', 'x']
['y', 'y', 'y', 'y', 'x', 'x', 'x', 'x', 'x', 'x', 'x', 'x', 'x', 'x', 'x', 'x', 'x', 'x', 'x', 'x', 'x', 'x', 'x', 'x', 'x', 'x', 'x']
['y', 'y', 'y', 'y', 'y', 'x', 'x', 'x', 'x', 'x', 'x', 'x', 'x', 'x', 'x', 'x', 'x', 'x', 'x', 'x', 'x', 'x', 'x', 'x', 'x', 'x', 'x']
['y', 'y', 'y', 'y', 'y', 'y', 'y', 'x', 'x', 'x', 'x', 'x', 'x', 'x', 'x', 'x', 'x', 'x', 'x', 'x', 'x', 'x', 'x', 'x', 'x', 'x', 'x']
['y', 'y', 'y', 'y', 'y', 'y', 'y', 'y', 'x', 'x', 'x', 'x', 'x', 'x', 'x', 'x', 'x', 'x', 'x', 'x', 'x', 'x', 'x', 'x', 'x', 'x', 'x']
['y', 'y', 'y', 'y', 'y', 'y', 'y', 'y', 'y', 'x', 'x', 'x', 'x', 'x', 'x', 'x', 'x', 'x', 'x', 'x', 'x', 'x', 'x', 'x', 'x', 'x', 'x']
['y', 'y', 'y', 'y', 'y', 'y', 'y', 'y', 'y', 'y', 'x', 'x', 'x', 'x', 'x', 'x', 'x', 'x', 'x', 'x', 'x', 'x', 'x', 'x', 'x', 'x', 'x']
['y', 'y', 'y', 'y', 'y', 'y', 'y', 'y', 'y', 'y', 'y', 'y', 'x', 'x', 'x', 'x', 'x', 'x', 'x', 'x', 'x', 'x', 'x', 'x', 'x', 'x', 'x']
['y', 'y', 'y', 'y', 'y', 'y', 'y', 'y', 'y', 'y', 'y', 'y', 'y', 'x', 'x', 'x', 'x', 'x', 'x', 'x', 'x', 'x', 'x', 'x', 'x', 'x', 'x']
['y', 'y', 'y', 'y', 'y', 'y', 'y', 'y', 'y', 'y', 'y', 'y', 'y', 'y', 'x', 'x', 'x', 'x', 'x', 'x', 'x', 'x', 'x', 'x', 'x', 'x', 'x']
['y', 'y', 'y', 'y', 'y', 'y', 'y', 'y', 'y', 'y', 'y', 'y', 'y', 'y', 'y', 'x', 'x', 'x', 'x', 'x', 'x', 'x', 'x', 'x', 'x', 'x', 'x']
['y', 'y', 'y', 'y', 'y', 'y', 'y', 'y', 'y', 'y', 'y', 'y', 'y', 'y', 'y', 'y', 'x', 'x', 'x', 'x', 'x', 'x', 'x', 'x', 'x', 'x', 'x']
['y', 'y', 'y', 'y', 'y', 'y', 'y', 'y', 'y', 'y', 'y', 'y', 'y', 'y', 'y', 'y', 'y', 'y', 'x', 'x', 'x', 'x', 'x', 'x', 'x', 'x', 'x']
['y', 'y', 'y', 'y', 'y', 'y', 'y', 'y', 'y', 'y', 'y', 'y', 'y', 'y', 'y', 'y', 'y', 'y', 'y', 'x', 'x', 'x', 'x', 'x', 'x', 'x', 'x']
['y', 'y', 'y', 'y', 'y', 'y', 'y', 'y', 'y', 'y', 'y', 'y', 'y', 'y', 'y', 'y', 'y', 'y', 'y', 'y', 'x', 'x', 'x', 'x', 'x', 'x', 'x']
['y', 'y', 'y', 'y', 'y', 'y', 'y', 'y', 'y', 'y', 'y', 'y', 'y', 'y', 'y', 'y', 'y', 'y', 'y', 'y', 'y', 'x', 'x', 'x', 'x', 'x', 'x']
['y', 'y', 'y', 'y', 'y', 'y', 'y', 'y', 'y', 'y', 'y', 'y', 'y', 'y', 'y', 'y', 'y', 'y', 'y', 'y', 'y', 'y', 'x', 'x', 'x', 'x', 'x']
['y', 'y', 'y', 'y', 'y', 'y', 'y', 'y', 'y', 'y', 'y', 'y', 'y', 'y', 'y', 'y', 'y', 'y', 'y', 'y', 'y', 'y', 'y', 'x', 'x', 'x', 'x']
['y', 'y', 'y', 'y', 'y', 'y', 'y', 'y', 'y', 'y', 'y', 'y', 'y', 'y', 'y', 'y', 'y', 'y', 'y', 'y', 'y', 'y', 'y', 'y', 'x', 'x', 'x']
['y', 'y', 'y', 'y', 'y', 'y', 'y', 'y', 'y', 'y', 'y', 'y', 'y', 'y', 'y', 'y', 'y', 'y', 'y', 'y', 'y', 'y', 'y', 'y', 'y', 'y', 'x']
['y', 'y', 'y', 'y', 'y', 'y', 'y', 'y', 'y', 'y', 'y', 'y', 'y', 'y', 'y', 'y', 'y', 'y', 'y', 'y', 'y', 'y', 'y', 'y', 'y', 'y', 'y']
['y', 'y', 'y', 'y', 'y', 'y', 'y', 'y', 'y', 'y', 'y', 'y', 'y', 'y', 'y', 'y', 'y', 'y', 'y', 'y', 'y', 'y', 'y', 'y', 'y', 'y', 'y']
['y', 'y', 'y', 'y', 'y', 'y', 'y', 'y', 'y', 'y', 'y', 'y', 'y', 'y', 'y', 'y', 'y', 'y', 'y', 'y', 'y', 'y', 'y', 'y', 'y', 'y', 'y']
['y', 'y', 'y', 'y', 'y', 'y', 'y', 'y', 'y', 'y', 'y', 'y', 'y', 'y', 'y', 'y', 'y', 'y', 'y', 'y', 'y', 'y', 'y', 'y', 'y', 'y', 'y']
['y', 'y', 'y', 'y', 'y', 'y', 'y', 'y', 'y', 'y', 'y', 'y', 'y', 'y', 'y', 'y', 'y', 'y', 'y', 'y', 'y', 'y', 'y', 'y', 'y', 'y', 'y']
['y', 'y', 'y', 'y', 'y', 'y', 'y', 'y', 'y', 'y', 'y', 'y', 'y', 'y', 'y', 'y', 'y', 'y', 'y', 'y', 'y', 'y', 'y', 'y', 'y', 'y', 'y']
